temps=5500:4500
latlon=28.427990:121.341003
speed=1000
method=Auto
map=177.00|100.00;3.00|100.00;-6.00|0.00;-174.00|0.00;
